先交作业：
第一题
A^2=[𝑎_𝑖𝑗^((2))]等于第i行与第j列的乘积，所以
A^2=[2 1 1 0]
    [0 2 0 2]
    [2 1 1 0]
    [1 1 1 1]


第二题我给您拍张照吧。。。

第三题
归一化得到矩阵
Z=[0.4228 0.4648 0.4479 0.4015 0.3326 0.2520 0.4757]
   0.3700 0.4131 0.3919 0.2868 0.4656 0.3780 0.4228
   0.4757 0.3615 0.5039 0.3441 0.3991 0.5040 0.3700
   0.3171 0.4131 0.4479 0.4588 0.2661 0.3780 0.3171
   0.4228 0.3098 0.3359 0.5162 0.5322 0.3780 0.4228
   0.4228 0.4648 0.2799 0.4015 0.3991 0.5040 0.4228
计算各列最大、最小值构成的最优、最劣向量分别为
Z+=(0.4757 0.4648 0.5039 0.5162 0.5322 0.5040 0.4757)
Z-=(0.3171 0.3098 0.2799 0.2868 0.2661 0.2520 0.3171)
计算各年与最优、最劣向量的距离和接近程度：
编号    D+      D-      C     排序
 1    0.3499  0.3258  0.4822   5
 2    0.3196  0.3047  0.4881   4
 3    0.2630  0.4065  0.6072   1
 4    0.3822  0.2904  0.4318   6 
 5    0.2715  0.4059  0.5992   2
 6    0.2944  0.3751  0.5603   3
 由表可知，3号教师教学情况最好，其次是5号，6号，2号，1号，4号最差。
 
 然后是这一周的周报：
     上一周数模组关于线性代数的ppt又学习了一遍，矩阵一些基础概念和运算基本能掌握了，但是课件中用余子阵表示方阵还是不太明白，而且高阶行列式的计算
 也不是很清楚（用余子阵进行计算好麻烦...），在网上搜了一些关于高阶行列式计算的方法，有一个转化成三角形行列式的方法也不明白（感觉线代不适合自己...）。
 然后是关于TOPSIS评价模型，感觉对公式有一点理解了，计算第三题也是用了很长的时间，不过算出来之后还是很开心的。最后就是最近c语言的专业课了，学了循环
 之后，明显感觉课后题的难度上升了，无论是代码的长度还是算法的复杂程度都有增长，经常一道课后题要思考很长时间，也有很多题目要去网上搜一下才有思路，
 差距还是很大，要继续加油，向学姐学习！！！
